2 700 370 848 463 0.761743
9 36 170 79 226 0.698814
0 705 342 722 391 0.672518
2 278 544 489 689 0.662415
2 709 210 807 264 0.659128
2 38 531 271 692 0.658594
2 1297 497 1357 562 0.658457
2 952 14 1011 57 0.653898
9 1097 448 1144 520 0.650663
2 69 73 126 123 0.648766
2 44 40 141 84 0.620086
2 197 196 283 264 0.615682
2 1121 3 1183 42 0.605569
2 583 230 711 292 0.590924
2 863 249 987 354 0.589154
2 11 3 106 53 0.585904
2 751 156 853 226 0.580964
0 175 216 199 269 0.565721
7 1037 87 1106 148 0.54506
5 1037 87 1106 148 0.535426
2 1122 68 1196 120 0.53436
7 52 130 114 185 0.530518
0 266 228 281 272 0.523391
2 1212 22 1292 70 0.512023
2 1288 7 1349 59 0.509134
7 583 230 711 292 0.507797
0 558 328 575 382 0.505819
7 750 156 853 226 0.501056
0 332 280 350 322 0.499997
9 867 290 894 350 0.486241
33 1312 297 1346 337 0.455188
