2 796 764 995 951 0.811324
2 682 634 943 720 0.809371
2 442 767 685 964 0.79494
2 402 627 619 719 0.77832
2 818 958 1186 1074 0.725906
2 805 593 908 640 0.717823
0 1251 775 1310 954 0.706925
2 346 956 707 1076 0.703247
0 936 640 980 737 0.687085
0 1179 692 1225 820 0.686835
2 767 559 808 598 0.658665
0 642 591 664 646 0.65215
0 1022 622 1046 686 0.633375
0 661 603 689 657 0.608387
3 990 707 1026 758 0.59663
2 679 560 721 601 0.596122
1 401 719 440 775 0.593011
0 473 603 492 642 0.590957
0 985 631 1011 695 0.588125
1 1067 735 1114 793 0.585962
9 958 484 974 524 0.582496
0 990 666 1030 747 0.579949
0 930 610 954 663 0.571909
36 1230 900 1283 967 0.571406
0 1063 629 1100 722 0.570739
0 559 584 576 621 0.568494
2 878 573 928 622 0.562475
0 1072 673 1113 743 0.560746
1 940 697 972 740 0.558214
0 964 607 989 659 0.540936
2 1119 638 1372 716 0.532915
0 1078 584 1098 648 0.509591
3 990 677 1028 757 0.496421
