2 1197 641 1350 718 0.778124
2 986 280 1067 311 0.728902
2 1081 279 1161 310 0.697621
2 1173 316 1241 352 0.672207
2 382 274 431 315 0.668145
2 421 224 485 254 0.666862
2 0 646 113 728 0.666848
2 415 548 481 650 0.657822
5 912 584 977 679 0.654626
2 161 421 246 511 0.654235
2 1052 412 1158 460 0.65233
2 233 209 309 237 0.651627
2 402 367 517 416 0.648501
2 972 684 1132 759 0.643233
2 870 280 950 315 0.643155
2 1106 241 1185 271 0.642884
3 1197 571 1332 635 0.6337
2 160 251 234 281 0.63256
2 458 433 526 525 0.63157
2 234 338 301 405 0.630887
2 608 459 661 540 0.629855
2 1011 347 1112 390 0.626372
2 1033 380 1136 423 0.62582
0 111 553 127 596 0.623544
2 439 296 522 334 0.622428
2 531 329 571 380 0.62149
2 557 635 626 761 0.618045
2 822 563 882 661 0.602104
2 1057 318 1164 371 0.598589
2 1206 288 1274 313 0.595262
7 894 221 991 263 0.587136
2 337 210 402 235 0.584624
0 285 417 300 452 0.582884
2 228 671 401 756 0.572461
2 699 63 717 79 0.569264
2 1085 454 1208 502 0.568353
7 912 584 977 679 0.568253
7 458 433 526 525 0.565991
7 415 548 481 650 0.557295
2 1141 487 1266 542 0.55557
2 1011 238 1069 264 0.54389
2 335 275 382 311 0.539608
7 898 437 956 522 0.538207
2 481 238 535 282 0.531922
2 354 409 391 442 0.524376
7 821 563 882 663 0.52241
7 161 421 246 511 0.521004
0 207 292 227 325 0.513168
2 1152 520 1287 587 0.512926
2 488 268 553 299 0.50915
0 306 434 326 473 0.506376
2 851 383 908 441 0.504814
7 234 338 301 405 0.502595
7 731 314 768 361 0.500596
