2 499 560 644 637 0.783908
2 451 503 586 583 0.761901
2 403 279 507 322 0.749842
2 684 454 808 524 0.718291
2 717 258 803 302 0.715258
2 1210 385 1312 443 0.712551
2 919 190 998 227 0.70825
2 1297 438 1358 501 0.707017
2 641 389 756 451 0.685805
2 955 266 1039 325 0.682261
2 1094 300 1186 349 0.669313
2 3 516 119 622 0.665537
2 1145 338 1245 388 0.659729
2 439 335 551 394 0.654698
2 1237 147 1309 184 0.653931
2 983 222 1057 260 0.643137
2 330 40 394 74 0.642127
2 1144 630 1212 709 0.64053
2 737 301 836 346 0.635618
2 498 656 653 754 0.630646
2 452 410 559 461 0.630611
7 325 446 384 531 0.628145
2 432 455 561 519 0.620775
2 810 395 924 451 0.618643
2 350 77 415 104 0.614024
2 884 483 1009 555 0.612304
2 676 229 762 271 0.611432
2 294 272 347 330 0.609959
2 1273 134 1355 179 0.59912
2 1278 70 1348 102 0.583276
2 240 343 300 416 0.572968
2 777 362 880 411 0.567452
2 394 156 517 202 0.562888
0 224 494 245 544 0.556839
2 760 329 855 376 0.542737
7 179 431 251 503 0.537896
5 100 272 146 324 0.530709
2 373 127 434 168 0.529913
7 100 272 146 324 0.514022
2 212 263 259 321 0.512093
7 113 567 208 670 0.511778
2 243 187 281 229 0.509716
0 938 145 952 174 0.500173
