2 352 110 412 142 0.758361
2 295 210 353 257 0.741217
7 726 308 907 437 0.738598
2 692 250 789 313 0.721711
2 340 141 378 172 0.720222
7 476 153 544 222 0.714174
2 638 170 728 207 0.71329
2 413 108 450 131 0.70573
2 0 186 73 224 0.704019
2 601 233 682 289 0.694157
2 495 100 546 120 0.688275
2 258 122 313 147 0.673273
2 550 85 589 105 0.672955
2 263 72 286 93 0.628161
0 145 501 192 538 0.626557
2 222 91 247 113 0.620951
2 350 38 366 52 0.616699
2 594 115 651 146 0.610465
2 449 346 544 449 0.606634
2 416 86 439 105 0.60523
0 720 144 740 187 0.593803
0 451 170 461 195 0.593358
2 601 143 668 175 0.585966
1 747 184 774 203 0.584163
0 532 146 541 168 0.58329
2 624 77 658 96 0.582836
0 650 190 661 219 0.572809
7 449 346 544 449 0.561298
2 298 86 339 119 0.559236
0 139 500 159 536 0.549007
2 514 85 547 104 0.548299
2 337 61 355 75 0.548003
2 148 72 167 96 0.545035
0 392 95 402 112 0.529507
2 627 161 682 187 0.528952
2 316 52 331 65 0.526054
7 298 86 339 119 0.518782
2 174 22 205 37 0.506629
