2 228 185 306 217 0.706131
2 722 226 802 269 0.705814
2 272 633 410 744 0.701698
25 475 270 531 303 0.683837
2 319 185 376 226 0.667783
5 423 339 484 415 0.654787
2 137 176 221 210 0.646417
2 724 630 848 732 0.637549
25 934 498 1001 546 0.588805
2 502 50 557 77 0.577327
2 120 220 217 279 0.575827
2 759 178 807 223 0.573952
2 364 155 423 194 0.571345
0 1186 704 1223 761 0.558451
7 354 524 462 628 0.542809
2 748 81 786 133 0.540851
2 684 541 793 615 0.537713
0 830 331 842 364 0.535416
2 747 37 773 63 0.532193
7 830 540 971 606 0.529769
2 760 709 881 763 0.526989
2 127 267 285 349 0.523897
2 354 524 462 628 0.521809
2 768 148 794 177 0.519121
7 684 541 792 615 0.518136
2 665 25 691 51 0.511055
0 784 40 801 72 0.510669
2 709 24 738 50 0.509308
2 778 493 897 551 0.506262
0 661 304 674 334 0.492526
