2 969 661 1044 758 0.696943
2 372 464 469 529 0.671363
2 318 612 417 716 0.649996
5 539 406 597 503 0.642478
2 335 525 419 598 0.638301
2 511 274 569 310 0.637338
2 1127 162 1178 180 0.634581
2 411 433 489 476 0.629501
2 934 452 991 514 0.585586
2 610 166 636 194 0.585427
2 432 385 518 436 0.582215
2 550 212 601 235 0.577299
7 539 406 597 503 0.569581
2 868 253 899 282 0.566905
2 610 135 639 159 0.566786
2 1055 146 1099 165 0.56266
2 482 312 549 350 0.558648
2 809 248 836 283 0.554489
2 467 347 533 385 0.552656
2 901 338 941 375 0.548276
7 918 381 962 430 0.541248
2 292 586 356 641 0.536183
2 733 148 768 173 0.535155
2 539 406 597 503 0.531218
7 292 586 356 641 0.511654
2 861 226 895 253 0.511612
7 901 338 941 375 0.504166
