8 1054 408 1269 523 0.673056
8 1131 202 1257 262 0.640202
8 1291 54 1398 145 0.639205
8 867 354 1031 448 0.63897
8 913 235 1107 382 0.617322
8 700 440 849 566 0.612525
8 805 126 916 187 0.598053
8 805 78 904 116 0.584141
8 1110 101 1355 204 0.576899
58 246 622 363 780 0.573681
8 1260 203 1397 273 0.573131
8 736 390 900 528 0.571006
8 938 535 1137 604 0.570985
8 1192 45 1336 121 0.560735
8 1115 324 1316 415 0.559145
8 788 39 916 114 0.559006
8 760 176 913 257 0.558965
58 345 479 423 570 0.545228
7 1198 686 1396 782 0.536711
8 605 642 767 702 0.529471
8 951 27 1036 73 0.528814
8 791 36 904 90 0.522105
8 747 248 902 306 0.519437
8 1197 686 1396 782 0.519349
8 919 262 975 312 0.518368
0 479 93 506 135 0.515563
8 758 208 905 266 0.5154
8 948 79 1093 178 0.509826
0 830 227 866 263 0.502014
