8 928 90 1013 127 0.644477
8 1179 414 1326 479 0.618726
8 1067 181 1205 250 0.582003
8 700 555 781 599 0.579937
8 1253 106 1297 132 0.572849
8 1051 117 1142 160 0.554312
8 1026 70 1111 126 0.54209
8 1278 131 1397 243 0.537176
8 1169 301 1311 347 0.522404
8 849 121 888 144 0.520728
8 1076 145 1151 187 0.516772
56 188 187 221 222 0.515741
8 790 37 824 64 0.513007
8 1177 329 1320 381 0.507032
8 1013 47 1105 83 0.502248
56 912 195 980 278 0.499799
8 1050 133 1204 249 0.497959
13 912 195 981 278 0.49718
