0 513 302 550 401 0.740804
0 557 245 594 321 0.722657
0 278 179 303 238 0.717732
0 706 217 734 274 0.715853
0 517 224 543 295 0.712618
0 478 160 498 213 0.704981
0 728 287 768 374 0.688658
0 493 451 542 538 0.678776
0 54 176 89 224 0.656103
0 311 450 359 526 0.608617
0 498 227 519 297 0.596589
0 531 160 550 211 0.587288
0 14 167 42 215 0.582152
0 579 218 600 295 0.572323
0 459 237 488 323 0.569362
0 840 467 904 539 0.561859
0 224 99 241 142 0.546302
0 506 158 524 213 0.540154
0 480 227 501 294 0.529286
0 121 81 141 116 0.518255
0 31 63 47 92 0.516311
0 352 119 371 169 0.511913
0 45 99 64 132 0.502493
0 427 127 440 171 0.500459
0 338 434 375 493 0.494054
