0 473 690 514 816 0.717876
0 672 941 743 1078 0.695663
0 440 689 478 809 0.666866
0 1273 763 1335 907 0.648105
0 848 765 897 928 0.646028
0 282 920 360 1077 0.64569
0 1179 684 1205 788 0.62491
0 890 777 945 927 0.621634
26 916 815 950 857 0.61624
0 1215 666 1263 782 0.612491
0 798 765 850 936 0.594385
0 703 679 740 793 0.586121
0 744 772 805 927 0.580442
0 940 703 969 807 0.555094
26 989 699 1025 803 0.55406
0 669 681 705 790 0.541329
0 1453 605 1477 675 0.538408
26 669 680 705 791 0.50658
26 749 796 797 918 0.505476
0 988 701 1025 804 0.496251
24 1252 780 1327 846 0.4832
