2 647 947 899 1072 0.77122
2 214 738 317 857 0.672021
2 1006 773 1105 889 0.669714
2 1482 920 1603 1044 0.647442
5 844 699 916 792 0.625919
2 1281 784 1430 883 0.621249
2 1261 695 1383 792 0.615642
2 1120 558 1238 618 0.613152
2 1026 440 1120 483 0.598529
2 1180 725 1264 819 0.590391
0 1382 944 1410 1021 0.589083
5 873 805 985 946 0.586812
2 1 929 92 1075 0.580719
2 850 599 916 681 0.578915
2 46 798 180 933 0.573184
2 501 490 555 555 0.572856
2 911 520 975 580 0.57042
2 409 915 513 1074 0.57038
2 860 439 926 487 0.570024
2 1117 611 1243 679 0.568573
7 1492 776 1632 899 0.560705
2 620 545 679 618 0.554304
2 862 353 901 391 0.554088
2 801 440 856 489 0.552194
2 131 697 242 805 0.551799
2 827 489 882 541 0.550868
2 822 558 880 622 0.544116
2 587 324 626 362 0.540722
2 654 358 687 398 0.536472
2 835 294 870 326 0.534309
2 659 295 687 328 0.527832
3 1718 1017 1776 1066 0.527307
0 1035 507 1055 556 0.526476
2 990 324 1059 355 0.521567
3 1417 743 1476 799 0.519908
3 1387 1016 1473 1061 0.518383
2 1062 500 1171 563 0.514494
0 1736 980 1787 1067 0.506461
2 788 372 827 408 0.504647
