0 534 274 581 368 0.772603
0 311 185 343 254 0.747094
0 371 137 389 197 0.736026
0 261 180 291 258 0.723679
0 71 113 89 160 0.660252
0 75 154 103 240 0.633973
0 414 163 432 194 0.615305
0 241 160 258 210 0.607345
0 265 158 291 184 0.603595
0 564 215 590 300 0.599817
0 444 175 464 229 0.595207
0 492 184 514 272 0.569772
0 261 78 273 115 0.565946
0 65 150 94 227 0.547673
0 318 132 339 185 0.544917
0 224 105 238 147 0.515792
0 526 109 543 129 0.511637
0 492 151 506 193 0.51092
0 359 85 369 108 0.504754
0 442 160 465 190 0.504221
0 566 96 580 135 0.494979
