2 395 387 471 494 0.721105
2 518 390 576 476 0.69913
2 557 229 599 288 0.670468
2 453 523 533 652 0.665129
2 464 292 515 356 0.648043
0 52 525 77 580 0.624159
2 645 263 690 317 0.606913
2 849 104 878 132 0.603643
2 608 81 632 110 0.601888
2 907 218 958 261 0.599879
2 880 174 915 216 0.596111
2 840 78 868 104 0.59056
2 694 136 722 166 0.583844
2 830 54 854 73 0.582724
2 875 145 907 172 0.579941
2 670 497 728 592 0.540968
7 694 136 722 166 0.533026
7 557 230 599 288 0.522267
2 185 13 236 47 0.517795
7 395 387 471 494 0.517447
0 134 442 154 484 0.509164
7 686 62 708 93 0.502262
