2 1180 480 1313 549 0.800358
2 605 540 673 629 0.780205
5 580 270 649 402 0.764273
2 385 388 445 453 0.745425
2 656 219 683 245 0.706411
2 1250 548 1356 629 0.684959
2 684 466 748 526 0.679249
0 164 360 183 400 0.657837
2 855 408 918 463 0.654455
0 1186 448 1208 497 0.651667
2 609 204 635 228 0.643614
0 1258 449 1274 484 0.636289
0 1166 427 1190 471 0.633772
9 762 289 778 325 0.631758
0 1228 425 1247 468 0.628996
2 1328 634 1357 686 0.616528
0 1302 458 1324 500 0.611375
7 402 594 490 733 0.608876
2 563 161 591 184 0.576322
7 868 491 970 576 0.567341
9 685 282 702 322 0.534569
2 548 87 603 123 0.523288
2 791 182 854 220 0.520549
7 409 592 489 674 0.518841
9 984 150 997 180 0.483641
9 1001 154 1012 186 0.482775
9 803 313 827 352 0.459955
