0 1027 406 1046 455 0.709742
2 622 302 681 377 0.705096
2 1046 217 1092 263 0.696664
2 1065 321 1120 379 0.691191
2 1056 265 1103 312 0.68408
0 1255 542 1277 579 0.675708
2 566 284 626 345 0.672357
7 642 482 722 584 0.64182
2 544 457 614 580 0.62851
2 1079 388 1140 468 0.622096
9 637 64 653 102 0.619365
7 726 298 780 355 0.583787
2 1199 31 1229 55 0.574262
0 893 120 905 145 0.571089
2 726 298 780 355 0.57007
9 912 351 945 410 0.567634
2 642 482 722 584 0.562174
9 943 394 964 434 0.560641
2 260 2 333 33 0.551123
7 622 302 681 377 0.532042
0 1155 515 1182 556 0.531148
7 566 284 626 344 0.516925
0 684 258 701 287 0.513074
0 1134 525 1177 578 0.512173
9 404 289 430 350 0.509322
9 935 94 957 136 0.4534
