0 639 450 662 481 0.649838
3 432 342 446 370 0.64386
2 536 147 564 157 0.634093
7 467 215 497 272 0.623563
25 179 433 320 506 0.62056
2 317 189 365 213 0.610536
3 576 290 597 326 0.589062
0 557 276 569 305 0.588838
2 380 205 402 225 0.578408
2 406 149 433 160 0.578268
0 423 276 434 305 0.577242
3 424 292 433 309 0.57279
0 516 439 540 480 0.570861
2 316 142 343 151 0.559569
3 557 288 569 307 0.551955
0 575 247 585 276 0.551235
2 338 176 372 194 0.548505
2 312 206 352 226 0.544218
3 438 264 449 287 0.541893
7 2 347 146 500 0.538265
0 309 475 343 537 0.533102
0 430 331 446 359 0.523998
0 527 275 539 302 0.523927
3 515 455 540 495 0.521929
0 320 468 342 535 0.519728
2 231 263 280 289 0.508655
3 557 277 570 306 0.507773
