2 1197 642 1351 717 0.817029
2 1082 278 1162 310 0.778276
2 162 421 247 510 0.763871
2 458 433 527 526 0.756365
2 1034 381 1136 423 0.75214
2 609 459 661 540 0.746206
2 821 563 883 661 0.737729
2 986 279 1066 311 0.73489
2 1085 450 1208 504 0.727207
2 1107 242 1183 270 0.722567
2 868 277 949 316 0.717742
0 307 433 327 472 0.717525
2 851 382 908 442 0.710206
2 558 635 627 761 0.704826
2 381 274 432 315 0.702044
2 854 339 898 385 0.698096
2 974 685 1134 756 0.69574
2 911 585 999 679 0.693361
2 1 644 112 727 0.69231
2 439 294 523 333 0.686711
2 233 338 301 405 0.686624
2 1140 487 1266 539 0.680381
2 404 368 516 413 0.674873
2 531 330 571 379 0.673905
2 232 210 309 238 0.671147
0 285 418 301 452 0.665086
2 1051 413 1158 459 0.66486
2 1160 530 1294 585 0.664077
2 292 494 355 540 0.655869
2 418 549 483 651 0.6523
2 1056 319 1164 370 0.651256
0 111 554 127 595 0.648277
2 1011 346 1113 388 0.63482
0 879 698 898 744 0.633687
2 1196 570 1323 632 0.630074
2 1172 317 1241 352 0.628629
2 236 665 400 756 0.626162
0 244 315 254 348 0.624161
2 158 251 234 282 0.621749
2 336 274 381 312 0.615969
2 420 222 486 256 0.60432
2 489 266 554 300 0.590052
7 113 318 206 440 0.584552
2 1199 242 1271 270 0.576983
2 698 62 718 80 0.572465
7 894 224 992 264 0.562826
2 1205 287 1275 313 0.56278
9 811 47 822 65 0.559082
2 1011 236 1066 264 0.544772
2 334 212 397 235 0.538691
0 327 417 340 454 0.52525
2 731 315 768 360 0.524973
2 379 399 466 439 0.512209
