2 792 766 993 948 0.858663
2 685 636 946 720 0.848654
2 400 637 618 718 0.847491
2 442 767 689 969 0.824689
2 804 593 908 641 0.81348
2 345 960 712 1069 0.777445
2 819 958 1181 1068 0.775901
0 1253 774 1312 946 0.759942
16 1231 901 1277 968 0.757306
0 937 640 980 734 0.735746
0 642 591 665 646 0.715145
0 989 661 1031 737 0.71288
1 941 693 970 742 0.708364
1 1065 733 1112 795 0.705377
1 1192 765 1212 825 0.683533
9 956 483 975 526 0.67925
2 1115 636 1312 715 0.679051
2 767 558 809 598 0.676042
3 990 708 1025 760 0.66916
1 401 704 439 777 0.663888
0 930 608 954 659 0.638161
0 1178 693 1225 807 0.635998
0 661 605 690 657 0.635516
0 965 605 987 657 0.633965
0 1077 584 1099 649 0.620787
0 984 631 1010 678 0.619704
2 489 620 625 681 0.615885
0 1072 673 1115 774 0.611604
0 1021 620 1045 684 0.600877
0 1062 631 1097 715 0.599093
2 869 573 930 624 0.588633
2 1125 608 1331 670 0.583646
0 476 604 493 639 0.568618
24 1181 702 1221 759 0.532975
2 803 551 841 575 0.519732
2 230 601 257 675 0.51642
2 681 561 719 598 0.513092
2 230 640 295 713 0.509156
