2 499 561 646 639 0.800306
2 451 505 586 584 0.798507
2 920 190 997 227 0.797036
2 241 344 300 415 0.787878
2 433 456 564 518 0.776659
2 760 330 854 376 0.745921
2 737 302 835 345 0.745896
2 404 280 505 321 0.738626
2 808 392 923 450 0.73163
2 1094 301 1185 349 0.73116
2 293 272 347 330 0.728116
2 204 215 251 264 0.727355
2 955 265 1039 326 0.724516
2 983 221 1058 260 0.723336
2 1237 147 1310 183 0.721536
2 1143 338 1245 388 0.720155
2 717 259 803 302 0.718768
2 639 391 754 451 0.713062
2 675 230 762 271 0.705977
2 1210 385 1310 443 0.698964
2 1143 630 1213 710 0.696004
2 449 408 560 462 0.689796
2 774 361 882 411 0.689189
2 684 454 808 524 0.680437
2 1272 136 1354 179 0.676818
2 498 657 654 751 0.672528
2 1297 437 1358 502 0.672353
2 240 188 280 230 0.663765
2 211 264 259 320 0.663391
7 113 568 208 671 0.658518
2 882 484 1009 556 0.655982
2 440 337 551 394 0.654765
0 224 498 245 544 0.652847
2 1 517 118 623 0.636731
2 323 447 384 531 0.632327
2 375 141 438 169 0.623594
0 818 265 830 297 0.623469
2 1278 70 1350 102 0.612051
0 938 146 951 174 0.592548
2 331 46 394 74 0.583279
2 350 79 415 104 0.582245
2 359 124 414 152 0.579146
7 57 433 251 570 0.577721
7 2 435 100 491 0.554243
0 349 209 359 240 0.541246
0 372 208 383 239 0.540531
2 202 179 237 217 0.529015
0 863 212 879 244 0.528565
7 181 431 252 505 0.514152
0 174 283 189 321 0.51178
0 953 655 966 686 0.508959
