2 702 369 849 466 0.824297
2 70 73 125 122 0.802824
9 36 170 79 228 0.794036
2 282 543 488 689 0.781443
2 46 529 273 692 0.745406
2 44 41 140 83 0.731641
9 305 98 333 155 0.723275
2 867 250 986 347 0.712077
2 922 276 1051 368 0.702254
9 1096 448 1144 522 0.702004
2 949 14 1010 56 0.700095
2 709 210 808 264 0.696058
2 1296 496 1358 567 0.690569
2 749 158 853 226 0.689808
2 583 230 713 290 0.674928
2 52 129 114 188 0.671886
2 947 402 1075 491 0.670245
0 705 343 722 391 0.653928
2 1119 1 1185 43 0.647937
2 196 200 284 259 0.646292
56 1238 350 1292 379 0.636382
0 1240 437 1276 485 0.628349
2 1036 89 1107 148 0.627345
7 1102 451 1267 545 0.616044
7 1049 215 1171 308 0.613841
2 13 4 102 48 0.613789
2 988 4 1045 44 0.613265
2 28 19 121 60 0.608282
9 171 135 204 190 0.599921
2 1288 10 1345 46 0.596961
2 986 93 1064 166 0.591834
56 1265 349 1298 378 0.586869
2 145 97 202 152 0.580308
0 558 327 575 382 0.579023
2 830 139 875 173 0.567779
3 974 159 1044 209 0.555041
2 749 271 798 310 0.541248
2 1333 124 1359 165 0.525325
3 871 155 920 186 0.516533
0 1223 508 1260 560 0.510752
2 795 115 854 162 0.509604
0 725 257 742 299 0.509554
7 1211 23 1297 71 0.508676
0 498 211 518 255 0.500737
0 912 216 927 257 0.494194
0 539 257 553 299 0.494
0 1237 522 1277 574 0.493982
9 964 353 997 417 0.467401
