8 868 353 1032 447 0.80883
8 1296 56 1398 142 0.765184
8 1053 405 1268 530 0.727424
8 1256 202 1398 274 0.705433
25 174 238 232 284 0.701628
8 1109 324 1317 422 0.697775
8 918 201 1104 381 0.68751
8 1336 430 1398 476 0.682569
0 479 93 505 131 0.677517
8 1105 83 1339 207 0.674886
8 769 387 901 483 0.668475
8 791 45 899 84 0.65725
58 344 478 423 568 0.654992
8 887 670 1125 787 0.646712
8 975 71 1104 135 0.632786
0 831 228 866 263 0.614656
8 734 408 892 527 0.604562
8 599 637 810 727 0.591218
8 1202 685 1398 775 0.590472
8 763 213 900 303 0.589875
8 1011 14 1174 85 0.587797
8 937 538 1134 617 0.587399
8 1197 48 1334 123 0.58699
8 929 493 1044 541 0.586572
0 382 280 399 306 0.567898
8 805 77 904 115 0.556931
8 964 592 1158 685 0.55645
8 970 122 1067 178 0.551416
8 731 272 866 343 0.550159
8 699 441 849 567 0.549464
8 1131 208 1249 264 0.547109
8 959 202 1102 318 0.536837
8 870 0 969 29 0.535599
8 1348 384 1398 424 0.532562
8 765 166 915 250 0.531309
0 399 327 414 352 0.528092
0 385 321 399 351 0.523959
8 765 187 908 284 0.512485
8 1295 332 1397 387 0.505248
8 871 712 1033 785 0.501904
8 632 732 764 785 0.499731
8 949 29 1038 76 0.499618
