8 1108 710 1276 775 0.699063
8 1220 166 1393 228 0.694634
8 971 179 1139 241 0.686096
13 851 613 989 666 0.640388
8 1087 613 1207 663 0.629034
8 1010 2 1155 47 0.620642
8 1191 262 1306 312 0.608517
8 1000 137 1148 181 0.604021
0 842 454 939 509 0.603538
8 1223 126 1392 169 0.59766
58 552 422 673 543 0.578337
2 858 412 1001 510 0.578009
8 1151 322 1292 418 0.553935
8 1244 37 1398 83 0.535864
8 1005 47 1183 92 0.53289
8 1047 555 1216 606 0.527389
8 1080 657 1245 721 0.522406
8 974 221 1129 290 0.518049
8 1093 359 1258 466 0.516593
8 1104 512 1215 555 0.516315
8 829 221 950 277 0.514752
37 879 46 948 74 0.513237
7 8 193 529 569 0.512696
8 1083 658 1283 770 0.512259
8 859 410 1005 509 0.511147
8 1190 302 1312 369 0.50885
8 997 94 1188 142 0.499675
