2 690 250 790 314 0.815697
7 722 308 905 439 0.798068
2 294 210 353 257 0.763234
2 258 119 312 146 0.762505
2 640 170 728 206 0.746403
2 600 234 683 289 0.723417
2 601 143 662 174 0.721499
2 450 347 543 450 0.721267
2 340 141 373 171 0.717117
2 627 159 682 188 0.716378
2 412 108 450 131 0.700968
2 0 188 74 224 0.68497
0 451 170 460 194 0.680506
2 351 110 412 142 0.679205
0 651 188 660 219 0.672915
2 222 90 245 112 0.669822
2 494 101 545 120 0.661361
5 470 151 545 221 0.644646
2 593 115 650 144 0.627335
2 263 70 288 92 0.607505
0 139 500 171 537 0.604735
2 550 85 585 104 0.602921
2 257 19 268 29 0.587678
1 748 183 773 203 0.585065
0 530 146 542 166 0.583061
2 336 60 355 75 0.577135
7 298 86 338 119 0.574872
0 150 502 192 539 0.572624
0 720 140 737 181 0.567026
2 415 86 439 104 0.553693
7 470 151 545 221 0.552483
2 514 85 549 108 0.544182
0 655 121 668 145 0.541878
2 317 53 331 66 0.540777
2 294 34 307 43 0.535676
0 393 95 401 111 0.530913
2 624 77 658 95 0.530688
0 227 50 231 62 0.495383
