2 319 611 416 716 0.77324
2 900 338 942 376 0.759344
2 917 383 962 430 0.750718
2 334 526 418 598 0.749349
2 432 385 519 435 0.742255
2 509 275 569 310 0.734129
2 372 472 469 530 0.728298
2 460 345 533 390 0.727502
2 481 310 549 350 0.725999
2 397 434 490 480 0.713793
2 969 661 1047 759 0.708144
2 934 452 992 516 0.701144
2 961 564 1014 643 0.679061
2 867 252 901 282 0.675789
2 1127 162 1177 180 0.67131
2 862 226 898 252 0.657741
0 157 397 174 420 0.655141
2 289 584 358 648 0.653394
7 539 405 599 504 0.648453
2 242 696 302 761 0.637481
2 884 296 921 331 0.628514
2 525 232 586 262 0.624187
0 136 401 150 430 0.592129
2 1058 145 1099 165 0.59119
2 609 135 638 162 0.58367
0 97 283 109 310 0.577913
2 545 211 601 234 0.573979
2 844 190 875 213 0.567554
2 808 248 836 283 0.524031
2 732 149 768 172 0.52395
2 773 81 788 97 0.521272
2 857 205 884 232 0.51552
2 840 153 864 175 0.510155
2 633 84 657 102 0.508562
2 524 253 580 282 0.507816
0 173 311 188 330 0.503907
