8 1058 396 1132 505 0.695518
25 347 250 414 300 0.695399
0 1000 445 1045 493 0.678757
25 633 113 685 163 0.673256
8 1115 406 1232 531 0.668862
37 918 472 981 577 0.63333
8 979 409 1093 573 0.631208
0 828 139 851 175 0.622529
25 387 212 444 264 0.617682
8 954 456 1068 590 0.617027
8 918 472 981 577 0.616461
25 387 202 480 265 0.604204
0 705 238 721 258 0.603495
37 1192 269 1257 312 0.588514
0 736 236 751 256 0.548127
0 764 188 781 216 0.540396
25 734 44 791 96 0.537626
56 462 433 485 456 0.484829
