2 423 338 485 415 0.789306
2 721 226 802 269 0.763612
2 318 185 377 226 0.758391
2 502 699 558 762 0.749148
2 409 410 468 502 0.740707
2 723 632 848 731 0.739191
2 273 634 410 739 0.727016
2 363 154 424 195 0.726843
2 780 496 896 548 0.725704
25 476 270 531 303 0.719616
2 355 527 463 627 0.715088
2 228 185 306 218 0.714845
2 502 51 558 77 0.709838
2 758 176 808 223 0.699152
2 683 540 793 617 0.694421
2 137 174 223 210 0.68897
2 461 234 509 289 0.687586
2 757 140 796 179 0.681567
2 754 708 879 762 0.633045
2 809 461 923 498 0.632648
2 194 299 286 348 0.629126
2 746 37 774 66 0.625378
2 141 256 238 302 0.625183
2 717 132 749 176 0.624143
2 123 226 214 280 0.622318
2 709 25 737 49 0.619808
2 744 82 785 132 0.618378
0 831 332 843 364 0.609607
0 661 304 673 333 0.584119
0 1055 458 1070 494 0.579032
2 826 545 967 608 0.574974
0 502 357 520 399 0.569995
2 590 671 650 761 0.56056
7 885 610 952 703 0.557831
2 83 169 116 201 0.553122
2 680 408 727 482 0.550174
0 775 322 788 355 0.545757
2 666 25 691 53 0.539774
0 631 295 642 326 0.529897
0 335 138 346 179 0.522361
7 826 545 967 608 0.522104
0 1218 214 1234 244 0.515144
0 1116 67 1126 94 0.50874
0 178 205 193 228 0.506768
