8 1178 412 1327 480 0.781092
8 1306 160 1398 200 0.701636
8 955 578 1111 623 0.656373
8 701 556 781 598 0.649085
8 1012 49 1104 74 0.639024
8 840 691 965 745 0.637956
8 1029 77 1106 134 0.636857
8 1068 179 1202 249 0.632119
8 928 91 1012 123 0.625697
8 1054 144 1151 189 0.622836
8 826 191 898 218 0.622681
8 968 615 1157 718 0.622514
8 790 38 825 62 0.622328
37 833 511 937 555 0.606186
8 1278 130 1398 173 0.58622
8 1187 717 1398 785 0.586134
0 510 566 522 592 0.582834
0 145 65 187 152 0.568922
8 839 475 943 517 0.566213
8 876 335 943 371 0.538696
8 1206 653 1356 733 0.537273
8 1045 118 1143 164 0.523252
8 1026 71 1110 117 0.520592
8 833 511 937 555 0.519927
8 871 648 956 690 0.506139
8 1187 612 1352 692 0.505897
8 1048 123 1148 185 0.505238
8 1253 107 1297 132 0.496497
