2 724 351 791 396 0.82642
2 583 434 663 485 0.757472
2 517 685 645 784 0.737931
2 1026 164 1083 209 0.71948
5 863 214 952 308 0.695138
0 1186 461 1198 493 0.643111
0 1233 472 1248 506 0.610859
7 1226 61 1251 84 0.599825
2 1328 98 1356 128 0.575303
0 1228 389 1242 421 0.555104
0 1214 466 1232 503 0.554471
2 1288 104 1307 123 0.547003
7 1077 131 1129 179 0.540859
2 1124 153 1149 173 0.538547
0 1132 669 1150 713 0.532726
2 1272 83 1295 98 0.523706
0 1150 674 1167 715 0.517841
2 1259 108 1280 121 0.515146
2 1009 186 1030 202 0.514057
7 1328 98 1356 128 0.513691
2 1208 85 1225 101 0.506215
9 1068 127 1085 147 0.445926
