1 816 688 899 731 0.774817
0 673 941 744 1077 0.762403
0 283 920 358 1077 0.738928
0 473 690 514 815 0.712346
0 1216 667 1262 767 0.670105
0 1277 763 1335 913 0.669536
26 1251 781 1291 845 0.667423
26 913 810 951 859 0.663394
0 1177 681 1204 788 0.64536
0 747 771 809 925 0.636098
0 847 767 894 923 0.635515
0 889 776 930 931 0.626378
0 668 685 705 791 0.611386
0 441 690 477 809 0.609507
0 802 766 845 922 0.60802
0 989 689 1025 806 0.597479
0 704 676 739 793 0.594415
26 743 811 762 845 0.565232
26 939 706 968 807 0.521151
0 1237 613 1258 675 0.511791
0 1201 618 1224 690 0.502792
0 939 704 969 809 0.50104
3 513 646 572 683 0.495474
9 466 510 488 555 0.436693
9 723 513 755 582 0.435687
