0 558 246 591 320 0.77814
0 514 301 547 397 0.735599
0 278 180 303 239 0.73247
0 728 287 767 375 0.724886
0 516 224 544 295 0.705111
0 704 218 734 283 0.69048
0 478 160 498 214 0.683468
0 7 167 41 216 0.682044
0 54 177 87 225 0.676027
0 311 451 367 525 0.638918
0 579 219 601 300 0.622573
0 499 226 520 297 0.62218
0 459 238 487 323 0.59433
0 504 158 526 214 0.576321
0 530 160 550 212 0.570644
0 31 62 47 93 0.56468
0 493 450 541 536 0.541393
0 338 435 371 491 0.536157
0 482 227 501 296 0.527605
0 426 128 440 171 0.509938
0 47 100 64 131 0.497663
