0 533 272 581 367 0.815172
0 310 186 344 253 0.776293
0 371 137 390 197 0.75126
0 259 180 292 258 0.729012
3 850 172 918 221 0.717626
0 265 158 289 184 0.710782
0 260 78 273 116 0.709895
0 492 195 514 272 0.708756
0 445 180 465 247 0.677409
0 225 105 242 148 0.660034
0 74 165 103 238 0.654873
0 492 153 506 194 0.649904
0 71 113 88 159 0.643559
0 565 215 586 294 0.63145
0 442 161 464 190 0.623754
0 96 86 110 121 0.601134
3 816 153 877 207 0.598918
0 65 151 85 221 0.598379
0 321 140 341 187 0.596108
0 414 163 432 193 0.577414
0 240 160 261 209 0.576794
26 583 251 596 268 0.534239
56 228 176 249 210 0.531359
13 490 151 535 180 0.512564
