2 1078 389 1141 467 0.777963
2 1064 324 1121 382 0.76665
2 1046 217 1092 261 0.735719
2 1056 264 1103 313 0.732679
2 725 296 780 357 0.7286
2 643 484 721 585 0.720824
2 622 302 682 378 0.718807
0 1250 539 1278 581 0.709941
0 1028 406 1046 450 0.695915
2 544 462 620 580 0.670862
2 566 283 627 347 0.667459
0 991 377 1006 416 0.659764
2 1198 32 1229 55 0.639034
2 1052 130 1086 168 0.636444
0 1134 519 1180 578 0.624231
0 893 120 905 146 0.607884
2 610 39 640 60 0.598314
9 936 96 956 135 0.595889
2 260 9 319 33 0.591554
0 684 256 701 286 0.572464
2 266 1 334 33 0.527695
33 331 205 366 231 0.522093
0 1051 321 1064 342 0.521735
9 410 318 424 350 0.508904
7 566 283 627 347 0.50598
9 637 65 653 94 0.481113
9 968 97 985 133 0.467523
9 407 307 425 350 0.447262
