2 578 727 665 853 0.797159
2 643 949 891 1069 0.788602
2 1179 725 1263 818 0.769688
2 1007 774 1105 889 0.759654
2 128 695 244 806 0.758592
2 871 807 985 947 0.755571
2 43 797 179 933 0.754312
2 216 738 317 857 0.752178
2 619 545 680 616 0.72797
2 1282 784 1432 883 0.722035
2 1481 918 1601 1039 0.71436
2 1121 559 1236 619 0.712818
0 1383 945 1411 1023 0.711868
2 1118 613 1250 679 0.699013
2 401 916 513 1074 0.692956
2 1261 680 1386 792 0.692707
2 1160 637 1288 723 0.691687
0 1324 893 1348 967 0.688501
2 826 488 882 542 0.672749
2 912 522 975 582 0.665178
2 819 559 881 622 0.659823
1 1389 1016 1474 1064 0.656121
2 849 599 916 682 0.654747
2 846 700 917 791 0.653301
0 1449 706 1477 769 0.633463
0 1409 900 1431 949 0.630832
0 1761 938 1790 996 0.624277
0 1581 853 1613 920 0.617515
2 790 371 826 409 0.615626
0 1744 981 1783 1068 0.614876
2 860 352 902 392 0.609701
2 1089 528 1209 585 0.60487
0 434 773 463 814 0.604842
2 1026 440 1121 485 0.604212
2 802 440 858 489 0.590288
3 442 801 469 849 0.587031
2 1492 778 1633 901 0.585986
2 502 489 554 554 0.58425
0 1557 687 1585 746 0.578825
2 622 412 673 466 0.578441
2 1 923 95 1075 0.575976
2 861 439 927 488 0.569984
0 1590 694 1615 756 0.568998
2 1063 498 1168 556 0.565609
0 1784 924 1807 989 0.562723
7 597 610 668 733 0.545983
2 618 463 676 533 0.54313
0 1409 976 1455 1051 0.539639
3 1416 737 1476 804 0.535453
0 1353 903 1382 972 0.521143
0 1422 939 1445 999 0.519459
2 1088 464 1155 505 0.516237
2 834 293 870 326 0.51145
2 653 358 690 399 0.509919
7 1493 777 1634 901 0.509844
1 1671 886 1758 950 0.500076
