2 618 581 736 674 0.791291
2 732 176 809 227 0.774617
2 397 381 508 453 0.735624
2 590 263 680 321 0.727587
2 964 28 1026 70 0.722773
2 741 491 834 569 0.720182
2 873 89 932 133 0.704222
58 280 726 389 820 0.677441
2 498 312 585 371 0.658803
2 150 820 299 928 0.638396
7 160 453 341 599 0.608161
2 61 568 193 668 0.603354
2 801 134 867 182 0.598131
2 547 537 642 617 0.588721
2 421 539 637 710 0.586757
2 2 927 148 1049 0.583851
2 1013 0 1070 38 0.556975
7 42 321 137 384 0.553781
2 42 321 137 384 0.546913
2 915 58 972 99 0.54676
2 314 659 368 696 0.52599
2 680 215 745 263 0.525272
2 959 233 1023 274 0.525222
0 1834 583 1871 627 0.516981
7 801 134 867 182 0.513286
2 635 465 722 538 0.508718
0 755 465 788 490 0.506892
