2 556 230 599 288 0.833644
2 464 292 515 356 0.805572
2 646 264 690 317 0.804705
2 694 136 721 165 0.789796
2 879 174 914 215 0.788646
2 395 387 473 492 0.782328
2 519 391 576 477 0.774325
2 454 523 532 651 0.75343
2 848 103 877 133 0.746892
0 52 527 77 578 0.740268
2 186 24 234 47 0.693385
2 906 221 959 260 0.668401
2 528 698 613 762 0.66818
2 608 82 632 110 0.65488
2 839 78 868 105 0.651947
2 831 53 855 73 0.598732
7 687 63 709 92 0.541444
2 875 146 908 172 0.535111
0 135 443 149 469 0.509672
2 669 498 729 591 0.508156
0 332 652 366 723 0.505299
