2 1180 481 1313 551 0.836142
2 404 592 493 742 0.806422
2 848 408 919 461 0.795894
2 603 540 673 627 0.79429
2 385 388 447 454 0.773747
2 684 466 747 526 0.772081
0 1185 448 1209 497 0.762732
2 655 219 683 245 0.762099
2 869 489 971 579 0.738153
9 685 283 702 321 0.737478
2 1251 550 1358 627 0.720895
0 1228 425 1247 468 0.713452
9 762 288 779 324 0.710796
2 1328 632 1358 686 0.708802
2 608 204 635 228 0.704869
5 580 268 650 403 0.703519
0 1302 457 1324 501 0.694943
2 563 161 590 184 0.6821
2 568 220 597 249 0.676017
0 1167 427 1189 471 0.670239
0 1259 449 1274 484 0.658361
2 578 250 610 278 0.641938
0 164 360 182 400 0.629529
2 790 198 852 220 0.622106
2 569 195 590 219 0.61077
2 127 228 160 257 0.608382
2 834 216 890 240 0.5796
9 274 322 297 361 0.576923
9 798 311 827 366 0.52335
9 609 276 627 318 0.51044
0 730 400 750 439 0.50373
0 1336 449 1347 471 0.496224
9 985 151 997 173 0.461144
9 1000 154 1012 183 0.456677
9 720 294 742 314 0.442018
