2 487 267 556 303 0.256641
2 355 402 467 445 0.256908
3 154 526 197 561 0.263505
2 419 223 488 257 0.293608
0 782 290 793 319 0.293653
2 233 208 310 240 0.301935
7 235 338 302 406 0.304083
2 699 61 721 82 0.312632
0 601 115 610 134 0.330148
2 741 37 760 54 0.356406
2 729 394 768 461 0.373393
2 869 279 951 319 0.401321
2 1013 346 1117 389 0.411594
2 1080 278 1165 313 0.417006
2 896 436 959 524 0.420799
2 1172 317 1244 355 0.440801
2 335 275 384 314 0.442389
7 113 319 204 433 0.451458
2 157 250 236 285 0.463492
9 811 47 824 68 0.474697
7 896 436 959 524 0.510595
7 894 220 994 265 0.510808
2 853 339 899 388 0.518303
2 986 280 1069 313 0.520234
0 244 314 257 349 0.525402
2 190 725 351 764 0.529628
0 314 345 328 376 0.544452
2 382 273 433 315 0.550131
0 878 698 899 748 0.552962
0 322 418 341 454 0.555601
2 440 296 524 336 0.62016
2 1057 320 1165 372 0.6236
2 850 383 909 442 0.661227
2 532 330 572 382 0.683787
2 1033 381 1138 425 0.709675
2 235 338 302 406 0.728634
2 732 315 770 362 0.730651
2 0 729 82 765 0.732042
0 306 434 329 475 0.746784
0 111 554 130 599 0.748232
0 286 417 303 454 0.756576
2 1051 413 1162 462 0.805855
2 1199 569 1334 634 0.811815
2 974 686 1136 759 0.812765
2 1157 528 1301 586 0.823158
2 459 434 528 528 0.832822
2 416 548 484 653 0.836023
2 1085 450 1212 505 0.839488
2 238 668 402 757 0.843408
2 162 421 250 512 0.860009
2 402 368 518 415 0.866633
2 557 635 627 764 0.87575
2 608 460 663 543 0.890884
2 1197 640 1353 719 0.89344
2 913 585 979 683 0.89738
2 1141 488 1266 540 0.906911
2 821 565 884 663 0.907618
2 0 644 114 732 0.918943
