0 1066 632 1100 700 0.26475
0 965 605 988 652 0.264887
0 984 627 1013 680 0.276288
0 931 605 957 655 0.365495
1 988 708 1028 760 0.409333
3 988 710 1028 762 0.416278
0 643 592 665 647 0.444374
2 767 565 815 601 0.461785
0 662 602 693 660 0.514795
1 940 693 974 744 0.553159
9 957 483 976 529 0.564693
0 1076 586 1099 651 0.565893
0 1023 624 1046 688 0.567565
2 885 575 934 621 0.574616
0 937 640 978 739 0.605483
1 1192 762 1225 828 0.623224
1 403 707 443 779 0.632453
0 1070 675 1115 781 0.660819
0 988 654 1032 753 0.722198
1 1066 733 1115 798 0.736739
0 1179 689 1227 816 0.770884
2 1114 637 1298 723 0.843987
0 1254 773 1311 957 0.860462
2 804 594 910 643 0.863521
2 335 951 710 1077 0.875678
2 819 959 1186 1077 0.878298
16 1232 900 1282 970 0.888978
2 402 635 624 720 0.901393
2 686 634 944 720 0.91734
2 441 770 688 967 0.920132
2 790 766 996 951 0.926697
