2 206 216 251 266 0.269659
0 952 654 969 690 0.287734
2 1277 69 1341 103 0.301163
0 348 211 361 242 0.301862
0 373 209 385 240 0.312872
0 1065 310 1079 342 0.317736
2 245 188 283 230 0.335497
0 818 264 832 300 0.383794
2 178 431 255 511 0.42317
7 178 431 256 510 0.431629
2 1277 137 1356 181 0.444834
0 865 213 880 249 0.450288
2 1237 147 1310 186 0.507301
2 676 229 765 272 0.55384
2 215 265 261 320 0.56726
2 0 713 71 764 0.573767
2 984 221 1060 263 0.583779
2 717 259 805 305 0.591104
7 111 551 211 673 0.611163
0 225 496 246 546 0.678238
2 760 329 859 377 0.68236
2 956 265 1039 328 0.696371
2 293 273 350 332 0.703145
2 736 299 840 350 0.722945
2 322 446 386 532 0.728231
2 775 360 885 412 0.74199
2 240 344 301 418 0.769584
2 640 390 755 452 0.78589
2 449 408 562 464 0.808578
2 0 516 120 627 0.812417
2 920 191 998 229 0.818108
2 405 280 507 323 0.822901
2 1144 630 1214 713 0.825169
2 1094 302 1186 350 0.852251
2 440 336 553 398 0.854938
2 499 659 656 753 0.885304
2 436 456 565 520 0.885904
2 500 560 648 640 0.88766
2 684 454 811 526 0.888659
2 1144 338 1247 391 0.888834
2 808 392 925 451 0.894586
2 451 504 586 584 0.899062
2 1297 438 1360 502 0.900267
2 1210 384 1312 444 0.910109
2 884 484 1009 557 0.914567
