3 578 296 598 328 0.256419
3 557 287 570 309 0.287821
58 717 439 735 464 0.294968
2 340 174 366 193 0.298264
0 424 278 435 310 0.30641
0 263 366 281 411 0.329992
7 590 317 688 365 0.333073
0 162 341 178 367 0.344492
3 437 264 450 289 0.37004
0 528 275 541 303 0.373602
2 318 189 366 215 0.381864
0 556 277 570 307 0.390761
0 221 347 233 382 0.394056
58 688 425 711 458 0.423708
2 226 263 283 294 0.424859
2 536 146 566 159 0.429251
3 323 462 371 520 0.494702
0 429 331 448 367 0.504877
0 516 439 543 480 0.537654
3 528 286 540 305 0.549854
0 639 451 663 482 0.559007
2 381 206 404 226 0.572847
3 430 340 448 372 0.613538
3 516 457 544 497 0.624726
2 407 150 435 162 0.662068
7 468 215 499 274 0.682846
