7 1035 88 1108 149 0.263095
7 1049 215 1174 309 0.264508
2 1213 23 1322 70 0.271704
7 1214 24 1323 70 0.271993
3 749 270 796 311 0.286764
0 179 218 202 271 0.289271
3 1326 355 1359 387 0.290477
0 652 286 665 329 0.291602
3 1191 139 1223 163 0.291811
2 1036 89 1108 149 0.291964
0 1261 672 1293 716 0.301552
0 974 652 1022 705 0.310666
0 1292 675 1318 711 0.319585
0 726 256 744 301 0.324408
0 332 280 353 325 0.333462
3 915 634 984 683 0.339743
0 912 218 930 260 0.345672
7 583 229 715 298 0.348947
0 266 224 283 273 0.375196
2 953 13 1011 59 0.387321
2 192 196 285 264 0.393778
0 381 325 401 367 0.431684
0 1223 509 1261 564 0.436439
0 1239 497 1285 577 0.441603
0 949 393 971 437 0.451892
9 240 67 258 105 0.473192
2 12 5 123 55 0.551569
2 1333 124 1360 166 0.593568
2 987 93 1065 167 0.597622
0 558 329 576 384 0.616856
2 43 42 139 84 0.689189
2 145 97 203 152 0.701156
9 866 291 896 353 0.712305
2 69 73 126 124 0.72132
2 1049 215 1174 308 0.740212
2 925 278 1049 364 0.741775
2 582 229 714 296 0.744143
2 1297 497 1360 574 0.749937
0 705 343 724 392 0.768715
9 306 98 334 154 0.807901
2 52 130 115 185 0.822844
9 1096 449 1145 526 0.841672
2 750 156 854 228 0.844188
9 37 170 81 229 0.847318
2 711 209 810 266 0.869134
2 869 250 986 325 0.879339
2 948 405 1072 492 0.899825
2 282 542 489 689 0.95503
2 46 529 273 692 0.959149
2 702 368 850 467 0.96075
