8 971 67 1082 181 0.256391
8 900 674 1101 786 0.276844
0 400 326 418 353 0.307523
8 668 293 728 335 0.326533
0 402 459 431 505 0.327231
8 625 585 691 623 0.329015
0 480 94 500 129 0.340686
8 804 80 906 120 0.346349
0 174 208 262 288 0.354052
0 386 321 402 352 0.356539
8 762 210 900 276 0.402578
8 931 493 1044 540 0.44808
8 1130 205 1257 268 0.470639
8 763 166 919 253 0.487136
8 1106 87 1335 207 0.501325
8 755 246 903 308 0.513684
8 738 276 868 341 0.518598
8 963 594 1171 689 0.535415
8 1348 383 1400 431 0.581027
8 1296 332 1400 383 0.637258
8 1263 202 1400 279 0.654164
8 1338 429 1400 477 0.677164
8 773 390 904 480 0.699598
8 918 258 1107 383 0.70559
8 736 407 898 523 0.708961
8 938 536 1141 618 0.721816
8 601 635 814 731 0.73733
8 1054 402 1261 521 0.743464
8 1199 683 1400 780 0.77717
8 803 124 926 188 0.821883
8 867 351 1036 450 0.855622
8 1111 323 1324 425 0.897506
8 699 437 854 567 0.908268
