7 47 548 93 606 0.26099
2 492 153 521 172 0.277189
2 844 192 871 215 0.2896
7 537 405 599 507 0.323994
2 550 212 603 237 0.341312
0 98 284 112 312 0.341417
0 138 400 151 428 0.350107
5 537 405 599 507 0.352096
2 733 148 770 174 0.36757
2 609 137 639 164 0.38983
2 527 255 582 282 0.390994
2 1052 145 1100 167 0.4214
2 773 81 790 99 0.432447
2 531 233 586 262 0.442223
2 863 228 898 254 0.448429
2 536 405 599 506 0.486163
2 610 166 638 197 0.487206
0 158 397 175 422 0.497584
2 765 40 781 56 0.512789
2 1127 162 1179 182 0.525435
2 47 548 93 606 0.571319
2 289 585 359 648 0.589625
2 867 253 900 283 0.598013
2 510 275 570 314 0.628025
2 461 346 535 388 0.632832
2 242 697 304 765 0.633604
2 808 248 837 284 0.671072
2 885 295 924 333 0.675488
2 902 338 944 379 0.708749
2 482 312 551 349 0.760156
2 430 384 521 438 0.819594
2 407 433 493 477 0.832951
2 917 383 964 432 0.844093
2 961 564 1014 644 0.846125
2 933 452 993 518 0.890619
2 372 467 471 532 0.895781
2 334 525 420 600 0.90952
2 969 660 1048 761 0.914849
2 319 612 418 718 0.927452
