8 1080 658 1260 717 0.258379
8 844 452 942 514 0.262615
37 892 299 1022 377 0.279912
8 1106 708 1286 769 0.289633
8 1271 0 1398 45 0.290939
8 1219 124 1395 171 0.333458
8 879 46 950 78 0.337519
8 997 138 1153 183 0.345818
37 850 509 964 548 0.395144
8 1098 511 1225 558 0.405104
8 996 46 1185 98 0.417056
8 1238 35 1400 90 0.423565
37 1096 360 1256 444 0.452567
37 1048 555 1219 610 0.476947
8 983 270 1130 338 0.49322
8 897 343 1011 414 0.515791
8 1196 304 1309 367 0.521484
8 1108 471 1233 521 0.555767
8 1049 555 1223 610 0.558687
8 962 296 1064 361 0.582719
8 1087 407 1237 482 0.586214
8 970 179 1146 240 0.602589
8 897 385 1015 478 0.609893
8 1215 163 1396 233 0.643852
8 1154 329 1294 412 0.652742
8 1092 360 1245 443 0.660448
8 894 299 1021 376 0.664401
8 1192 261 1310 313 0.706781
8 829 220 951 280 0.716493
8 969 219 1136 290 0.727644
8 860 412 996 513 0.741391
