3 791 271 840 313 0.258286
0 720 146 745 189 0.271942
2 316 54 333 67 0.320008
2 594 116 652 144 0.333612
2 299 87 341 120 0.339515
2 792 271 840 313 0.349138
2 415 87 441 106 0.349543
1 747 184 776 206 0.392701
2 227 139 251 168 0.411863
2 147 73 168 97 0.417584
2 247 32 262 43 0.440401
7 299 86 340 121 0.449387
0 651 186 662 222 0.470738
2 626 159 685 189 0.478199
2 263 69 287 94 0.516691
2 222 89 247 114 0.539787
0 532 146 543 169 0.564888
2 601 146 664 176 0.585937
0 451 170 462 196 0.594401
2 494 102 548 122 0.630847
2 413 107 451 133 0.653367
2 353 111 414 144 0.68175
0 138 500 176 540 0.712465
2 643 173 729 208 0.774972
2 720 307 793 379 0.775935
2 340 142 375 173 0.785671
2 295 209 354 259 0.839865
5 474 153 546 221 0.848324
2 258 120 314 148 0.852845
2 1 187 76 224 0.914922
2 690 251 791 317 0.917976
2 450 348 546 451 0.930388
7 751 307 910 442 0.934877
2 601 235 684 290 0.944168
