7 124 227 215 286 0.265421
0 498 200 512 233 0.267595
0 519 180 532 213 0.273901
2 136 177 220 211 0.276448
2 876 722 936 765 0.278553
2 710 24 739 52 0.285985
9 0 612 36 699 0.291917
2 503 51 559 80 0.301566
2 463 235 511 282 0.312716
2 751 85 787 134 0.345076
2 0 611 37 695 0.349643
25 934 497 1003 548 0.36331
2 667 26 691 55 0.377898
7 810 440 926 501 0.391065
2 203 296 287 342 0.405731
0 661 304 675 336 0.416096
2 761 141 798 180 0.428287
2 718 133 752 178 0.432036
2 757 178 809 226 0.47633
2 829 545 954 609 0.51748
0 503 357 522 399 0.536022
0 1055 459 1071 495 0.550599
2 326 473 393 527 0.560649
25 476 270 533 305 0.560698
2 810 441 923 500 0.616939
2 226 182 307 220 0.654604
2 319 185 380 227 0.65473
2 590 670 651 764 0.689734
2 723 281 764 338 0.700961
2 500 698 561 764 0.721044
2 722 227 803 270 0.726162
2 684 540 795 620 0.790632
2 755 708 879 764 0.805497
2 681 410 728 482 0.808471
2 408 410 470 503 0.814072
2 422 339 488 417 0.849456
2 781 495 898 551 0.892504
2 725 634 849 730 0.894235
2 274 633 413 743 0.922136
2 357 528 464 628 0.928337
