2 800 541 889 618 0.256645
2 381 771 419 808 0.262096
2 204 956 328 1050 0.282849
7 801 540 890 619 0.284837
2 203 640 284 708 0.287629
2 0 358 16 395 0.302364
2 967 855 1178 1050 0.321014
2 655 303 723 410 0.414765
2 666 1017 720 1050 0.430135
2 544 405 635 504 0.496061
2 459 303 550 401 0.57921
2 393 224 479 313 0.654065
2 113 431 217 539 0.684626
2 570 842 657 934 0.806657
2 712 238 799 324 0.821053
2 812 175 893 270 0.831196
2 714 609 797 699 0.90142
2 487 843 582 932 0.906706
2 556 204 646 293 0.919062
