8 992 710 1147 770 0.25815
8 772 299 819 340 0.268685
8 974 615 1158 716 0.26901
8 1253 106 1298 134 0.290421
8 216 230 329 295 0.300109
8 1335 232 1400 274 0.312955
8 955 576 1109 626 0.476232
8 1170 304 1300 343 0.481357
8 1183 338 1323 381 0.531818
8 1077 206 1207 255 0.535941
8 1194 379 1325 429 0.56424
8 850 120 889 146 0.580955
8 868 646 959 692 0.627479
8 1193 613 1333 685 0.628116
8 928 91 1015 127 0.652339
8 838 475 943 520 0.694208
8 701 556 787 602 0.730034
8 1178 416 1326 481 0.761522
8 832 511 939 557 0.786475
8 826 190 900 220 0.804064
8 876 335 945 373 0.860615
