2 1186 176 1213 192 0.289168
0 1230 387 1244 421 0.334143
2 1289 106 1310 124 0.338711
2 1222 180 1244 195 0.338833
0 1305 244 1316 277 0.346937
2 1122 154 1150 174 0.357048
2 1331 107 1353 128 0.364118
9 1198 131 1208 147 0.369069
2 1227 61 1251 85 0.378322
2 1085 180 1111 200 0.393316
2 1260 108 1284 123 0.415182
2 1208 85 1227 102 0.421539
0 1232 471 1249 512 0.469626
0 1151 674 1169 717 0.474479
2 1254 183 1277 198 0.503289
0 1133 669 1150 717 0.576925
0 1214 466 1230 503 0.601109
0 1184 457 1201 496 0.619815
2 1008 162 1085 211 0.733299
2 580 434 664 486 0.867559
5 861 215 953 310 0.886792
2 724 349 793 397 0.917006
2 516 679 646 787 0.92527
