0 176 734 200 764 0.253937
2 536 48 572 87 0.266975
2 140 151 219 229 0.27238
2 188 354 333 519 0.322088
7 246 430 403 611 0.330102
2 555 67 608 117 0.37165
2 103 678 134 719 0.44074
2 463 718 597 765 0.452049
2 346 631 484 754 0.476033
2 622 142 666 199 0.485761
2 753 234 842 350 0.525544
2 968 523 1106 656 0.644969
2 247 430 402 611 0.649572
2 1112 670 1166 734 0.675898
2 786 296 898 429 0.692878
2 873 389 1022 545 0.695462
2 395 653 542 764 0.719139
2 290 178 354 263 0.724041
2 310 573 484 719 0.745385
2 694 168 776 262 0.775637
9 115 55 154 103 0.780042
2 519 244 665 404 0.798098
