0 772 657 793 712 0.26166
0 1639 606 1660 675 0.267395
0 1456 608 1479 676 0.284717
0 1238 611 1260 675 0.286519
2 1041 505 1087 533 0.29557
62 1356 0 1712 323 0.357025
74 372 4 576 328 0.35825
26 296 996 346 1045 0.362786
0 1202 616 1228 693 0.37821
0 442 691 481 812 0.405685
0 672 680 705 795 0.493735
26 745 804 772 848 0.512694
0 938 702 972 813 0.535799
0 473 690 516 819 0.540869
0 702 679 745 797 0.559329
0 990 693 1029 810 0.584675
0 1218 668 1264 781 0.61048
26 1252 779 1293 846 0.619298
26 916 810 951 861 0.636653
0 746 771 801 927 0.661752
0 1178 683 1206 792 0.66397
0 889 776 943 933 0.667328
0 1278 762 1337 917 0.725954
0 804 766 849 933 0.741686
0 847 768 895 929 0.772887
0 674 941 746 1080 0.811004
0 282 921 360 1079 0.867651
