2 883 28 920 47 0.292136
0 336 434 379 507 0.315214
0 505 158 525 216 0.427849
0 310 451 363 536 0.433389
0 482 226 503 301 0.454861
0 530 161 552 213 0.459969
0 12 168 44 219 0.564713
0 478 160 499 217 0.592788
13 304 163 338 188 0.610634
0 498 227 521 301 0.62111
0 460 236 488 325 0.632833
0 578 219 601 299 0.654289
0 704 216 736 285 0.661307
0 516 224 545 297 0.684269
0 279 180 305 242 0.685327
0 558 245 593 323 0.760691
0 55 176 88 227 0.761582
0 493 451 543 540 0.771453
0 514 301 548 400 0.84546
0 727 287 769 376 0.863183
