2 1136 474 1173 496 0.254564
0 1162 306 1173 334 0.256943
25 1170 772 1217 803 0.260907
0 729 621 758 669 0.263198
7 1061 685 1145 743 0.266144
7 628 781 701 882 0.267468
0 1070 176 1084 209 0.273577
7 1011 466 1056 534 0.307395
7 1350 728 1443 807 0.329197
2 628 780 701 882 0.380284
2 1163 181 1216 206 0.40716
2 1157 623 1216 670 0.407814
2 1110 1007 1170 1043 0.496194
2 821 387 852 421 0.501158
2 1061 685 1144 742 0.583046
2 687 658 756 744 0.585633
2 735 549 794 622 0.591621
7 838 298 888 373 0.614214
2 784 458 827 515 0.652991
2 1010 465 1057 533 0.751261
2 919 535 967 607 0.776896
2 1006 892 1126 951 0.819668
2 935 1010 1088 1078 0.8707
