2 1102 383 1125 405 0.250925
0 720 681 739 704 0.258505
3 732 818 759 849 0.27608
2 1036 449 1059 475 0.280259
2 267 556 309 581 0.283991
2 296 511 352 552 0.300213
2 1014 445 1034 464 0.302667
0 952 524 963 547 0.303948
2 1084 399 1107 420 0.304307
2 95 468 131 491 0.307368
2 20 430 61 454 0.30993
2 428 453 465 478 0.312194
3 1357 711 1391 738 0.319185
2 480 554 519 583 0.339119
0 788 1018 816 1050 0.341414
0 702 691 721 718 0.350793
3 714 724 746 755 0.357271
2 1113 474 1132 497 0.378101
0 885 803 912 833 0.383671
3 525 722 551 750 0.387715
2 1162 336 1179 356 0.387723
2 258 528 297 553 0.389215
0 798 776 821 804 0.392904
2 984 444 1004 464 0.408954
2 365 546 412 574 0.416671
3 702 692 721 719 0.419038
0 525 721 550 749 0.429933
2 1103 526 1134 556 0.458522
2 939 443 968 468 0.468731
2 437 591 488 626 0.480163
3 830 932 865 969 0.482079
2 486 582 528 614 0.487104
3 730 847 758 880 0.494312
2 64 478 101 505 0.499818
2 1150 404 1169 428 0.509097
7 228 459 284 506 0.521385
2 418 611 468 646 0.549333
2 452 649 502 690 0.549401
3 797 778 822 806 0.557867
2 1081 492 1111 523 0.559138
7 0 842 163 1050 0.567022
2 473 630 522 670 0.598058
2 1285 615 1347 658 0.603963
2 426 562 471 592 0.635022
3 885 804 912 834 0.645031
2 353 564 397 593 0.645965
2 498 612 549 650 0.743012
2 896 583 949 619 0.788696
2 537 600 590 639 0.811107
