2 1230 324 1274 363 0.261774
2 527 659 558 687 0.272148
2 330 351 367 400 0.292403
0 886 798 905 823 0.296434
25 397 391 444 423 0.318962
2 1205 388 1241 439 0.319068
7 319 545 383 592 0.330444
2 144 673 224 735 0.351961
7 1131 731 1227 789 0.441807
2 1041 788 1089 814 0.479824
7 329 351 367 399 0.484521
2 1014 405 1054 451 0.485095
2 1154 483 1201 538 0.502665
2 1131 731 1226 787 0.54955
2 546 903 636 967 0.573246
2 319 706 401 770 0.618976
2 637 737 716 795 0.678387
2 1092 589 1142 661 0.711331
2 319 544 384 592 0.750098
2 1007 946 1133 1038 0.75366
2 164 480 230 526 0.76414
2 0 533 60 582 0.798549
2 132 604 204 656 0.808826
2 370 566 431 629 0.81942
2 307 634 386 684 0.83489
2 582 851 690 927 0.858831
2 440 634 516 689 0.876248
2 794 815 904 891 0.879738
2 432 687 526 752 0.895615
2 542 751 621 809 0.896998
