2 844 217 890 242 0.255668
3 731 416 752 444 0.271555
2 562 161 592 187 0.28052
2 108 164 151 187 0.315968
0 1113 380 1134 413 0.336163
2 792 192 843 222 0.366429
2 581 251 612 274 0.421539
2 569 223 597 252 0.430692
0 733 400 752 436 0.497812
2 569 195 591 219 0.541746
2 609 204 637 229 0.544094
2 127 226 161 257 0.594334
9 609 281 626 318 0.613271
0 1259 450 1276 486 0.643592
0 1302 456 1328 502 0.698277
5 583 281 651 405 0.722029
0 163 360 186 403 0.735995
0 1183 449 1210 499 0.739729
0 1228 425 1249 471 0.767811
2 654 219 685 247 0.769196
9 762 289 781 327 0.787327
2 404 592 496 742 0.794363
0 1166 428 1190 472 0.820218
9 685 283 704 323 0.839486
2 385 387 451 455 0.848732
2 868 487 972 580 0.867369
2 1328 630 1360 688 0.869177
2 856 408 921 464 0.873822
2 602 539 675 631 0.876998
2 682 466 749 526 0.881835
2 1249 548 1360 630 0.941423
2 1180 479 1313 553 0.946388
