2 755 464 792 490 0.261421
7 40 322 134 385 0.289735
2 637 477 697 537 0.318346
2 747 374 839 439 0.327082
2 915 55 970 100 0.331733
2 39 322 136 385 0.404816
7 619 584 725 673 0.431106
2 1014 1 1064 38 0.434091
2 873 88 938 135 0.444823
2 500 314 566 373 0.539797
2 962 28 1027 72 0.589656
2 445 614 554 699 0.594001
2 0 671 61 733 0.619753
2 958 234 1024 277 0.654663
2 620 584 726 674 0.658987
2 151 819 296 918 0.677032
2 743 491 836 571 0.690392
2 798 131 866 185 0.723489
2 730 175 804 227 0.745653
2 61 583 193 672 0.754704
2 590 263 678 322 0.783705
2 397 381 496 454 0.787164
7 160 454 325 598 0.791306
2 0 927 149 1053 0.81078
2 314 659 369 698 0.838798
