0 319 132 342 188 0.25841
38 581 250 601 271 0.262851
0 97 86 112 125 0.281325
3 810 176 835 210 0.284971
0 415 164 434 195 0.287059
3 850 176 917 220 0.31691
3 898 184 960 247 0.322033
0 224 106 240 150 0.370105
0 265 158 290 187 0.390928
0 260 78 274 118 0.403425
0 490 152 509 200 0.456383
0 71 113 89 161 0.48193
0 240 160 259 212 0.514793
0 65 152 85 224 0.543214
0 372 137 392 199 0.647735
0 444 178 466 248 0.666705
0 80 165 104 240 0.667474
0 492 196 516 273 0.749556
0 563 215 592 299 0.781287
0 312 186 345 255 0.8167
0 259 179 291 261 0.87657
0 532 273 584 369 0.947106
