6 795 358 826 419 0.279185
6 593 213 625 265 0.280863
5 1037 343 1070 408 0.310386
7 598 519 632 588 0.3118
2 809 78 839 126 0.314882
6 1036 343 1070 408 0.358167
2 866 336 895 404 0.375485
7 860 128 893 180 0.379618
7 795 359 825 419 0.382366
7 903 270 937 330 0.406484
7 746 199 773 251 0.43107
7 1037 343 1070 407 0.448041
5 796 359 826 419 0.46994
2 975 234 1007 290 0.490592
7 866 335 895 404 0.538422
2 747 200 773 251 0.540973
2 1349 318 1400 350 0.557713
7 975 233 1006 290 0.601997
2 862 129 893 180 0.700076
2 904 271 937 330 0.751141
