7 204 628 295 714 0.250043
7 626 412 675 469 0.253717
0 1582 854 1611 925 0.275113
2 806 442 859 491 0.279164
7 913 520 978 583 0.283833
2 594 610 667 731 0.287585
0 1422 938 1448 999 0.303247
2 1063 503 1160 556 0.306808
1 1388 1008 1475 1067 0.336723
0 1451 704 1479 780 0.33733
7 595 608 667 731 0.34045
3 1718 1007 1791 1071 0.346763
7 1482 918 1606 1042 0.363153
0 1883 949 1919 1042 0.36784
3 1387 997 1476 1068 0.369164
2 620 469 678 535 0.369528
4 0 94 96 182 0.378276
0 1036 507 1057 556 0.386441
0 374 689 402 754 0.412425
2 824 561 882 623 0.41935
2 205 631 288 713 0.42322
0 1408 898 1431 956 0.427528
2 866 438 929 490 0.437579
0 1742 982 1787 1068 0.450869
2 913 521 977 583 0.455219
2 823 490 884 544 0.455529
3 441 801 469 852 0.4571
0 433 772 466 826 0.457511
2 1121 562 1240 620 0.471386
7 241 565 326 665 0.48569
2 1119 612 1247 678 0.488493
2 1494 775 1639 897 0.505907
0 1383 944 1411 1026 0.514015
2 852 601 920 683 0.530661
3 1416 741 1479 805 0.565762
0 1325 893 1351 969 0.607886
2 1161 633 1289 723 0.610355
2 620 546 683 617 0.620536
2 132 698 246 810 0.62797
3 374 711 403 758 0.630226
2 501 489 558 557 0.648863
7 1491 774 1636 896 0.65505
2 1482 920 1603 1041 0.699321
2 1 928 97 1078 0.71053
2 1262 694 1390 793 0.754869
2 1006 775 1108 889 0.816859
2 846 702 920 794 0.825043
2 42 795 184 937 0.832158
2 1179 725 1265 818 0.86918
2 643 949 890 1075 0.877616
2 216 739 318 861 0.878255
2 579 728 669 856 0.881144
2 1283 784 1434 886 0.888249
2 871 806 988 946 0.891566
2 405 916 516 1078 0.902176
