0 893 120 907 148 0.31766
2 814 0 838 14 0.318765
0 1031 161 1044 190 0.318954
0 404 289 433 353 0.320264
0 685 258 703 293 0.331846
9 911 347 946 412 0.35258
0 1016 159 1031 190 0.384346
3 684 260 702 296 0.390399
9 404 289 433 352 0.418284
0 910 347 946 413 0.41901
9 942 394 967 436 0.423533
9 636 63 655 105 0.426952
0 378 393 400 433 0.436586
0 362 396 380 440 0.467823
0 991 377 1008 417 0.478594
0 1253 539 1279 582 0.571513
2 263 9 324 35 0.581635
2 1199 32 1232 57 0.642183
0 1134 513 1187 582 0.675079
2 1046 218 1092 263 0.697712
2 1056 265 1105 314 0.709741
2 566 284 626 347 0.729534
0 1028 407 1048 453 0.736418
2 1053 132 1088 170 0.743248
2 622 302 682 380 0.82103
2 1068 324 1122 381 0.852081
2 643 485 723 584 0.882195
2 544 461 621 580 0.888011
2 724 296 782 359 0.889572
2 1078 388 1142 471 0.901956
